2957: [(2333, 2, 3), (3929, 3, 4), (1229, 0, 4), (1559, 1, 1)]
3499: [(2203, 2, 1), (2621, 1, 4), (2687, 3, 5), (3923, 0, 3)]
3583: [(1297, 0, 1), (3701, 3, 1), (2531, 2, 1), (3911, 1, 3)]
2309: [(1259, 1, 7), (3187, 3, 6), (2521, 0, 5)]
1297: [(3583, 1, 0), (2729, 2, 4), (1873, 0, 7)]
3779: [(2909, 2, 5), (1367, 0, 7), (2741, 1, 5), (1117, 3, 3)]
1471: [(1193, 3, 5), (1381, 0, 6), (2111, 1, 2), (2161, 2, 0)]
3803: [(1429, 1, 6), (1801, 3, 4), (1087, 2, 6)]
2473: [(1361, 0, 1), (2543, 1, 2)]
1193: [(1471, 5, 3), (3089, 0, 4), (2621, 3, 5), (3923, 2, 2)]
1879: [(1301, 2, 3), (3623, 0, 6), (2417, 3, 1)]
1049: [(3793, 3, 2), (3259, 0, 7), (1051, 2, 5), (3079, 1, 0)]
2917: [(3517, 2, 4), (2347, 3, 2), (2113, 0, 0), (1871, 1, 5)]
1619: [(1033, 2, 1), (2161, 0, 6), (3967, 1, 6), (3137, 3, 2)]
1663: [(1033, 2, 2), (2137, 3, 2), (2659, 0, 7), (3967, 1, 3)]
3571: [(2339, 3, 4), (1423, 1, 6), (1523, 0, 1)]
2969: [(3109, 3, 2), (3121, 0, 6), (1747, 2, 6), (2521, 1, 3)]
2657: [(2707, 0, 6), (2683, 1, 1), (3463, 3, 1), (2267, 2, 3)]
1693: [(3929, 2, 1), (3407, 0, 7), (1229, 3, 5), (3191, 1, 1)]
3257: [(3929, 2, 2), (1301, 3, 0), (3191, 1, 2), (2417, 0, 6)]
2707: [(2657, 6, 0), (1697, 1, 1), (1123, 3, 2), (3109, 0, 0)]
1723: [(2129, 1, 6), (1697, 0, 7), (3517, 2, 1), (2347, 3, 1)]
2333: [(2957, 3, 2), (3853, 0, 1), (1741, 2, 6)]
2909: [(3779, 5, 2), (3083, 2, 0), (3863, 0, 4), (2659, 3, 1)]
1637: [(2203, 1, 6), (2243, 2, 5), (2621, 0, 7), (3709, 3, 0)]
2129: [(1723, 6, 1), (3889, 3, 2), (2089, 0, 5), (3761, 1, 0)]
3083: [(2909, 0, 2), (1117, 1, 2), (2579, 3, 4)]
3929: [(2957, 4, 3), (1693, 1, 2), (3257, 2, 2), (3853, 3, 4)]
2239: [(3581, 2, 7), (1553, 3, 4), (1907, 1, 7), (1871, 0, 3)]
3793: [(1049, 2, 3), (2633, 0, 4), (2297, 3, 1), (3697, 1, 2)]
3581: [(2239, 7, 2), (1367, 1, 0), (2741, 0, 2), (2777, 2, 4)]
1553: [(2239, 4, 3), (1069, 2, 7), (3347, 1, 7), (2777, 3, 1)]
2203: [(3499, 1, 2), (1637, 6, 1), (1039, 0, 7), (2113, 3, 2)]
1847: [(2111, 0, 5), (2161, 3, 1), (3137, 2, 7)]
1367: [(3779, 7, 0), (3581, 0, 1), (1423, 2, 1), (1523, 1, 2)]
2633: [(3793, 4, 0), (2687, 2, 7), (1597, 1, 3), (2939, 3, 1)]
1697: [(2707, 1, 1), (1723, 7, 0), (3761, 0, 1), (3463, 2, 0)]
1571: [(1873, 0, 1), (3847, 3, 5), (1613, 2, 3)]
3889: [(2129, 2, 3), (1583, 3, 7), (3881, 0, 3), (3517, 1, 2)]
1039: [(2203, 7, 0), (2687, 0, 4), (1597, 1, 2), (2269, 2, 1)]
2339: [(3571, 4, 3), (2887, 2, 5), (1861, 1, 6)]
1583: [(3889, 7, 3), (3457, 2, 1), (2089, 0, 6), (3557, 1, 0)]
3881: [(3889, 3, 0), (3457, 0, 4), (1069, 1, 4), (3347, 2, 4)]
1123: [(2707, 2, 3), (2683, 1, 0), (3701, 0, 6), (2531, 3, 4)]
2243: [(1637, 5, 2), (1907, 2, 2), (2113, 0, 1), (1871, 3, 6)]
2063: [(2017, 0, 2), (2663, 3, 2), (2617, 2, 1), (3911, 1, 5)]
1621: [(3331, 2, 5), (3067, 3, 5), (1429, 0, 0)]
3331: [(1621, 5, 2), (3797, 3, 1), (2003, 2, 1)]
1259: [(2309, 7, 1), (2017, 2, 3), (2663, 1, 3)]
3407: [(1693, 7, 0), (1069, 0, 6), (1861, 2, 0), (2777, 1, 6)]
1033: [(1619, 1, 2), (1663, 2, 2), (1361, 0, 6), (2543, 3, 7)]
3089: [(1193, 4, 0), (2161, 3, 3), (3967, 2, 5), (3041, 1, 5)]
2297: [(3793, 1, 3), (3259, 2, 6), (1597, 0, 4), (2267, 3, 1)]
3259: [(1049, 7, 0), (2297, 6, 2), (2647, 1, 5), (2803, 0, 2)]
3457: [(1583, 1, 2), (3881, 4, 0), (3191, 3, 3), (2417, 2, 7)]
1423: [(3571, 6, 1), (1367, 1, 2), (1117, 0, 4)]
2741: [(3779, 5, 1), (3581, 2, 0), (1907, 3, 4), (3863, 0, 7)]
3187: [(2309, 6, 3), (3541, 1, 3), (3037, 0, 5)]
1117: [(3779, 3, 3), (3083, 2, 1), (1423, 4, 0)]
3271: [(2647, 3, 2), (3847, 0, 0), (2803, 2, 5), (1613, 1, 0)]
3067: [(1621, 5, 3), (3697, 3, 0), (2087, 2, 7), (2003, 0, 2)]
1429: [(3803, 6, 1), (1621, 0, 0), (2087, 3, 0)]
1801: [(3803, 4, 3), (1031, 3, 0)]
3853: [(2333, 1, 0), (3929, 4, 3), (1301, 3, 1)]
3109: [(2969, 2, 3), (2707, 0, 0), (2531, 3, 3), (3761, 1, 6)]
1301: [(1879, 3, 2), (3257, 0, 3), (3853, 1, 3)]
2017: [(2063, 2, 0), (1259, 3, 2), (3121, 1, 7), (2521, 0, 4)]
2621: [(3499, 4, 1), (1193, 5, 3), (1637, 7, 0), (3041, 2, 2)]
3697: [(3793, 2, 1), (3067, 0, 3), (1051, 1, 2), (2939, 3, 0)]
2711: [(3797, 2, 7), (1381, 3, 7), (2111, 0, 7)]
3533: [(2687, 1, 2), (2939, 0, 2), (2027, 3, 2), (3923, 2, 4)]
1907: [(2239, 7, 1), (2243, 2, 2), (2741, 4, 3), (3709, 1, 5)]
2213: [(3541, 0, 0), (2089, 1, 3), (3037, 3, 4), (3557, 2, 7)]
1229: [(2957, 4, 0), (1693, 5, 3), (2887, 3, 0), (1861, 2, 7)]
3797: [(3331, 1, 3), (2711, 7, 2), (2027, 2, 4)]
1087: [(3803, 6, 2), (2087, 3, 5), (1031, 1, 7), (3023, 0, 5)]
2687: [(3499, 5, 3), (2633, 7, 2), (1039, 4, 0), (3533, 2, 1)]
1051: [(1049, 5, 2), (3697, 2, 1), (2087, 3, 6), (3023, 0, 6)]
3739: [(1997, 2, 0), (3079, 3, 6), (2539, 0, 2)]
2087: [(3067, 7, 2), (1429, 0, 3), (1087, 5, 3), (1051, 6, 3)]
2683: [(2657, 1, 1), (1123, 0, 1), (2647, 2, 7), (3847, 3, 7)]
2137: [(1663, 2, 3), (2543, 1, 4), (2579, 3, 2)]
1031: [(1801, 0, 3), (1087, 7, 1), (2539, 2, 0)]
2887: [(2339, 5, 2), (1229, 0, 3), (1559, 3, 4)]
2729: [(1297, 4, 2), (2617, 2, 6), (3911, 3, 0)]
3517: [(2917, 4, 2), (1723, 1, 2), (3889, 2, 1), (3347, 3, 5)]
3191: [(1693, 1, 1), (3257, 2, 1), (3457, 3, 3), (1069, 0, 1)]
1381: [(1471, 6, 0), (2711, 7, 3), (2027, 0, 1), (3923, 1, 1)]
2111: [(1471, 2, 1), (1847, 5, 0), (2711, 7, 0)]
3541: [(3187, 3, 1), (2213, 0, 0), (1747, 1, 3), (2521, 2, 6)]
1997: [(3739, 0, 2), (2803, 3, 0), (1613, 2, 1)]
1597: [(2633, 3, 1), (1039, 2, 1), (2297, 4, 0), (3767, 1, 5)]
2347: [(2917, 2, 3), (1723, 1, 3), (2269, 3, 7), (3463, 0, 7)]
3767: [(1597, 5, 1), (2269, 0, 2), (3463, 3, 2), (2267, 2, 0)]
2003: [(3331, 1, 2), (3067, 2, 0), (2939, 3, 7), (2027, 0, 7)]
1523: [(3571, 1, 0), (1367, 2, 1), (1861, 0, 1), (2777, 3, 7)]
3079: [(1049, 0, 1), (3739, 6, 3), (3023, 1, 7), (2803, 3, 7)]
1069: [(1553, 7, 2), (3881, 4, 1), (3407, 6, 0), (3191, 1, 0)]
2089: [(2129, 5, 0), (1583, 6, 0), (2213, 3, 1), (1747, 0, 0)]
3863: [(2909, 4, 0), (2741, 7, 0), (3709, 2, 6), (3919, 1, 4)]
2663: [(2063, 2, 3), (1259, 3, 1), (1019, 1, 1)]
1019: [(2663, 1, 1), (2617, 2, 0)]
3709: [(1637, 0, 3), (1907, 5, 1), (3863, 6, 2), (3041, 3, 7)]
3023: [(1087, 5, 0), (1051, 6, 0), (3079, 7, 1), (2539, 0, 7)]
3623: [(1879, 6, 0), (3037, 0, 7), (3557, 1, 2)]
2161: [(1471, 0, 2), (1619, 6, 0), (1847, 1, 3), (3089, 3, 3)]
3037: [(3187, 5, 0), (2213, 4, 3), (3623, 7, 0)]
2539: [(3739, 2, 0), (1031, 0, 2), (3023, 7, 0)]
1361: [(2473, 1, 0), (1033, 6, 0), (3137, 3, 1)]
1873: [(1297, 7, 0), (1571, 1, 0), (3701, 0, 4)]
3701: [(3583, 1, 3), (1123, 6, 0), (1873, 4, 0), (3847, 3, 6)]
3557: [(1583, 0, 1), (2213, 7, 2), (3623, 2, 1), (2417, 1, 0)]
2659: [(1663, 7, 0), (2909, 1, 3), (2579, 2, 5), (3919, 0, 5)]
2269: [(1039, 1, 2), (2347, 7, 3), (3767, 2, 0), (2113, 0, 3)]
3121: [(2969, 6, 0), (2017, 7, 1), (2531, 1, 6), (3911, 0, 6)]
2939: [(2633, 1, 3), (3697, 0, 3), (3533, 2, 0), (2003, 7, 3)]
3967: [(1619, 6, 1), (1663, 3, 1), (3089, 5, 2), (3919, 0, 6)]
2113: [(2917, 0, 0), (2203, 2, 3), (2243, 1, 0), (2269, 3, 0)]
1871: [(2917, 5, 1), (2239, 3, 0), (2243, 6, 3), (3347, 0, 2)]
2531: [(3583, 1, 2), (1123, 4, 3), (3109, 3, 3), (3121, 6, 1)]
2543: [(2473, 2, 1), (1033, 7, 3), (2137, 4, 1)]
3041: [(3089, 5, 1), (2621, 2, 2), (3709, 7, 3), (3919, 0, 3)]
1559: [(2957, 1, 1), (2887, 4, 3), (1741, 2, 1)]
2617: [(2063, 1, 2), (2729, 6, 2), (1019, 0, 2)]
1861: [(2339, 6, 1), (3407, 0, 2), (1229, 7, 2), (1523, 1, 0)]
1747: [(2969, 6, 2), (3541, 3, 1), (2089, 0, 0), (3761, 1, 3)]
2579: [(3083, 4, 3), (2137, 2, 3), (2659, 5, 2)]
3761: [(2129, 0, 1), (1697, 1, 0), (3109, 6, 1), (1747, 3, 1)]
3463: [(2657, 1, 3), (1697, 0, 2), (2347, 7, 0), (3767, 2, 3)]
2521: [(2309, 5, 0), (2969, 3, 1), (2017, 4, 0), (3541, 6, 2)]
2647: [(3259, 5, 1), (3271, 2, 3), (2683, 7, 2), (2267, 0, 2)]
3847: [(1571, 5, 3), (3271, 0, 0), (2683, 7, 3), (3701, 6, 3)]
2027: [(3533, 2, 3), (3797, 4, 2), (1381, 1, 0), (2003, 7, 0)]
3347: [(1553, 7, 1), (3881, 4, 2), (3517, 5, 3), (1871, 2, 0)]
3911: [(3583, 3, 1), (2063, 5, 1), (2729, 0, 3), (3121, 6, 0)]
1741: [(2333, 6, 2), (1559, 1, 2)]
3137: [(1619, 2, 3), (1847, 7, 2), (1361, 1, 3)]
2417: [(1879, 1, 3), (3257, 6, 0), (3457, 7, 2), (3557, 0, 1)]
2803: [(3259, 2, 0), (3271, 5, 2), (1997, 0, 3), (3079, 7, 3)]
2267: [(2657, 3, 2), (2297, 1, 3), (3767, 0, 2), (2647, 2, 0)]
1613: [(1571, 3, 2), (3271, 0, 1), (1997, 1, 2)]
2777: [(3581, 4, 2), (1553, 1, 3), (3407, 6, 1), (1523, 7, 3)]
3923: [(3499, 3, 0), (1193, 2, 2), (3533, 4, 2), (1381, 1, 1)]
3919: [(3863, 4, 1), (2659, 5, 0), (3967, 6, 0), (3041, 3, 0)]
copying 2473 with orientation: (0, 0) pos: 0,110 index:8
possible error now
inserting 1361, 0,110 0,100
possible error now
inserting 2543, 0,110 10,110
copying 1361 with orientation: (1, 0) pos: 0,100 index:108
possible error now
inserting 1033, 0,100 10,100
possible error now
inserting 3137, 0,100 0,90
copying 2543 with orientation: (1, 0) pos: 10,110 index:120
possible error now
inserting 2137, 10,110 20,110
copying 1033 with orientation: (1, 0) pos: 10,100 index:50
possible error now
inserting 1619, 10,100 10,90
possible error now
inserting 1663, 10,100 0,100
copying 3137 with orientation: (1, 0) pos: 0,90 index:136
possible error now
inserting 1847, 0,90 0,80
copying 2137 with orientation: (1, 1) pos: 20,110 index:81
possible error now
inserting 2579, 20,110 30,110
copying 1619 with orientation: (0, 0) pos: 10,90 index:13
possible error now
inserting 2161, 10,90 10,80
possible error now
inserting 3967, 10,90 20,90
copying 1663 with orientation: (1, 0) pos: 0,100 index:14
possible error now
inserting 2659, 0,100 -10,100
copying 1847 with orientation: (0, 0) pos: 0,80 index:33
possible error now
inserting 2111, 0,80 0,70
copying 2579 with orientation: (1, 0) pos: 30,110 index:126
possible error now
inserting 3083, 30,110 40,110
copying 2161 with orientation: (0, 1) pos: 10,80 index:105
possible error now
inserting 1471, 10,80 10,70
possible error now
inserting 3089, 10,80 0,80
copying 3967 with orientation: (0, 0) pos: 20,90 index:116
possible error now
inserting 3919, 20,90 30,90
copying 2659 with orientation: (1, 0) pos: -10,100 index:112
copy_pattern: error: passed a negative value
